100 294
37 21
0 3 36
1 22 11
1 29 4
1 40 24
1 69 42
1 87 24
1 90 24
2 12 16
2 14 11
2 25 44
2 96 43
3 81 17
4 38 6
4 50 35
4 52 23
4 87 39
5 56 38
5 92 8
5 99 1
6 14 3
7 15 22
7 30 22
7 37 42
7 74 45
8 9 32
8 10 11
8 20 31
8 23 43
8 83 9
8 94 25
8 97 44
9 70 40
9 75 37
9 91 15
10 30 33
10 88 21
10 94 21
11 36 16
11 72 28
11 74 25
12 10 40
12 30 19
12 57 14
13 20 1
13 28 11
13 34 27
14 86 25
14 99 50
16 36 37
17 8 49
17 48 5
17 61 14
18 12 0
19 29 9
19 89 20
20 22 21
20 75 5
21 0 19
21 30 28
22 6 11
22 98 31
23 3 44
23 25 18
23 63 17
23 82 14
23 94 36
24 19 19
24 20 50
24 45 3
24 91 37
25 0 36
25 24 18
25 52 21
26 31 7
26 37 25
26 72 42
26 77 47
27 14 44
27 16 14
27 29 20
27 42 1
28 2 33
28 20 34
28 98 41
29 86 46
30 19 11
30 47 26
30 63 0
31 43 38
31 94 44
32 5 39
32 47 30
32 81 5
33 22 21
34 11 15
34 80 42
35 22 46
36 30 13
36 39 3
36 68 39
36 69 23
36 80 15
37 0 4
37 11 47
37 25 15
37 54 28
37 64 9
38 8 46
38 39 50
38 63 15
39 1 36
39 10 5
39 28 4
39 77 23
40 46 6
40 78 28
41 16 36
41 28 7
41 31 9
41 36 31
41 55 49
41 59 15
41 62 2
42 8 43
42 49 41
42 84 46
42 93 29
43 38 30
43 63 13
43 96 24
44 18 27
44 54 10
44 68 26
44 72 37
44 85 6
45 19 30
45 26 41
45 33 34
45 84 47
46 7 20
46 12 2
46 41 37
46 70 45
46 97 36
47 44 16
48 37 21
48 44 30
48 78 36
48 82 29
49 4 35
49 24 46
49 40 16
49 84 20
50 1 21
50 6 15
50 30 20
50 35 39
50 93 36
51 47 33
51 56 2
51 61 24
52 24 48
52 81 17
52 86 6
54 8 29
54 27 20
54 42 10
54 100 17
55 57 49
55 86 11
56 65 8
56 94 8
57 14 19
57 63 5
58 5 32
58 48 15
58 98 1
59 1 20
59 29 8
59 46 47
59 56 16
59 67 0
59 75 5
59 87 32
61 59 19
61 91 11
63 1 40
63 40 14
63 79 27
64 10 44
65 12 16
65 29 4
65 40 36
66 7 34
66 14 16
66 58 2
66 62 29
68 20 35
68 52 47
68 63 23
68 75 5
68 92 8
69 28 18
69 39 49
69 57 7
69 77 42
70 14 7
70 39 29
70 44 46
70 93 8
71 82 50
71 95 34
72 67 20
72 73 37
73 30 27
73 44 32
73 66 40
73 78 0
74 30 40
74 54 12
74 78 50
75 35 7
75 70 28
75 92 9
76 36 16
76 45 6
76 60 6
76 64 11
76 74 45
77 63 23
77 72 2
78 24 2
78 42 26
78 71 35
80 10 45
80 99 33
81 13 50
81 37 38
81 69 5
81 85 23
81 100 23
82 2 40
82 54 9
82 64 11
82 72 41
83 1 17
83 29 21
83 48 5
84 2 15
84 46 35
84 53 31
84 95 15
86 9 50
86 23 47
87 59 16
88 37 36
88 60 39
89 6 30
89 70 40
89 82 32
90 81 21
90 100 7
91 10 38
91 14 12
91 69 25
91 84 17
92 0 11
92 37 41
92 64 35
93 62 33
93 76 16
95 8 44
95 70 10
95 79 17
96 38 38
96 43 43
96 45 49
97 57 37
97 59 12
97 83 33
98 3 30
98 17 20
98 31 11
98 39 14
98 48 42
98 71 26
98 86 21
98 96 49
99 31 9
99 68 34
100 9 37
100 66 32
100 83 9
100 98 5
None
INF
