501 5241
236 496
0 60 38
0 114 34
0 120 18
0 130 35
0 291 12
0 306 14
0 344 44
0 459 4
0 470 9
0 478 25
0 499 15
1 5 20
1 27 50
1 35 31
1 55 15
1 131 30
1 193 10
1 233 28
1 311 22
1 326 13
1 331 28
1 406 18
1 411 36
1 443 31
1 446 5
2 20 45
2 68 27
2 78 32
2 97 23
2 144 23
2 197 34
2 397 4
3 58 24
3 73 40
3 115 4
3 177 37
3 182 29
3 205 8
3 224 5
3 326 33
3 399 0
3 414 22
3 437 50
4 30 6
4 36 18
4 59 1
4 106 0
4 108 33
4 129 36
4 151 23
4 179 16
4 191 16
4 196 20
4 202 25
4 217 37
4 234 1
4 290 19
4 340 33
4 385 10
5 275 9
5 313 37
5 326 47
5 338 49
5 356 0
5 396 42
5 481 37
6 13 31
6 15 4
6 26 3
6 94 47
6 115 40
6 223 26
6 236 4
6 247 33
6 344 43
6 471 5
6 493 46
7 75 19
7 89 7
7 104 31
7 111 0
7 126 18
7 143 48
7 250 12
7 310 37
7 380 28
7 442 26
8 0 15
8 43 4
8 46 30
8 88 48
8 105 21
8 133 38
8 226 2
8 252 6
8 309 19
8 313 16
8 329 39
9 34 24
9 66 36
9 103 6
9 106 36
9 132 34
9 134 44
9 260 34
9 303 29
9 378 4
9 465 16
9 489 10
10 45 32
10 62 38
10 98 0
10 107 19
10 112 23
10 453 46
10 454 25
10 469 21
11 1 27
11 44 17
11 90 10
11 223 32
11 370 0
11 474 32
12 61 15
12 169 33
12 186 45
12 245 37
12 281 28
12 293 24
12 312 32
12 381 44
12 456 49
12 458 44
13 117 28
13 136 23
13 175 26
13 186 40
13 265 0
14 110 24
14 151 24
14 203 46
14 231 26
14 242 37
14 282 5
14 485 17
15 118 45
15 175 10
15 176 38
15 265 34
15 348 19
15 385 7
15 459 20
16 2 1
16 89 47
16 118 30
16 155 11
16 185 14
16 210 14
16 267 31
16 274 46
16 282 14
16 346 44
16 382 18
16 431 44
16 437 3
17 79 44
17 147 10
17 197 15
17 208 18
17 280 41
17 319 2
17 336 23
17 354 22
17 364 43
18 70 30
18 94 49
18 124 13
18 253 9
18 271 49
18 324 16
18 339 13
18 347 41
18 352 20
18 377 2
18 395 16
18 459 48
19 61 41
19 83 29
19 95 20
19 127 33
19 181 35
19 197 3
19 304 8
19 368 21
19 401 27
19 422 49
20 38 31
20 58 33
20 78 22
20 186 21
20 241 45
20 255 19
20 274 10
20 344 28
20 350 0
20 469 8
20 476 20
21 56 1
21 71 43
21 86 40
21 88 31
21 102 33
21 163 32
21 167 6
21 179 40
21 254 25
21 271 28
21 318 30
21 366 29
21 375 44
21 385 20
21 392 5
21 449 33
21 450 11
22 12 45
22 107 22
22 152 22
22 194 5
22 200 21
22 210 43
22 250 12
22 281 33
22 325 7
22 341 37
22 348 47
22 389 42
22 405 23
22 444 29
23 8 42
23 42 27
23 122 18
23 157 8
23 162 7
23 240 24
23 376 26
23 434 44
24 12 37
24 36 43
24 100 4
24 113 11
24 115 1
24 168 21
24 314 6
24 325 35
24 347 9
25 94 10
25 98 26
25 121 49
25 235 42
25 288 4
25 302 38
25 306 50
25 417 42
25 431 37
26 49 5
26 86 13
26 106 12
26 138 36
26 201 32
26 234 15
26 262 21
26 361 8
26 371 12
26 397 3
26 419 25
27 10 4
27 146 15
27 160 30
27 245 39
27 283 30
27 291 40
27 318 0
27 369 31
27 430 45
28 2 24
28 187 19
28 256 21
28 319 0
28 468 14
29 96 17
29 100 41
29 155 8
29 217 46
29 265 15
29 273 28
29 324 5
29 330 32
29 334 13
29 386 36
29 495 5
30 14 1
30 27 46
30 62 9
30 116 23
30 201 33
30 216 37
30 375 20
31 8 34
31 42 45
31 90 3
31 114 41
31 115 2
31 160 40
31 168 29
31 230 30
31 372 22
31 402 5
31 408 1
31 444 27
31 448 14
31 452 33
31 453 35
32 101 6
32 109 37
32 175 1
32 219 18
32 265 43
32 266 6
32 345 4
32 373 10
32 386 17
32 418 34
32 449 29
32 456 50
32 489 25
33 1 47
33 55 16
33 81 48
33 91 44
33 121 33
33 198 4
33 297 35
33 300 35
33 411 45
33 484 16
34 1 28
34 71 6
34 178 34
34 227 17
34 263 13
34 312 50
34 409 33
34 445 7
34 499 29
35 3 9
35 60 10
35 84 24
35 120 11
35 247 14
35 302 5
35 348 34
35 353 23
35 378 36
35 496 38
36 23 25
36 64 19
36 169 7
36 185 0
36 200 13
36 262 7
36 267 40
36 430 33
36 446 28
36 497 21
37 9 5
37 72 34
37 88 46
37 259 35
37 282 10
37 304 47
37 307 18
37 349 2
37 398 31
37 453 25
37 479 10
38 79 28
38 149 38
38 170 1
38 174 41
38 182 25
38 307 34
38 333 22
38 431 11
38 465 49
39 40 37
39 62 1
39 68 36
39 114 1
39 121 26
39 161 24
39 194 45
39 201 47
39 219 33
39 235 44
39 316 12
39 433 17
40 51 43
40 114 11
40 150 48
40 197 44
40 253 34
40 295 7
40 337 49
40 386 46
40 390 44
40 414 14
40 443 7
40 481 4
41 126 2
41 199 24
41 207 10
41 208 2
41 209 7
41 342 34
41 354 7
41 407 15
41 453 13
42 25 33
42 76 6
42 140 24
42 237 42
42 265 33
42 318 23
42 404 10
42 410 45
42 421 6
42 423 45
42 436 14
43 15 47
43 99 13
43 118 41
43 125 13
43 137 36
43 196 46
43 206 35
43 240 5
43 304 36
43 385 49
43 457 35
43 487 38
43 489 27
44 82 49
44 96 0
44 151 10
44 170 40
44 199 6
44 221 32
44 222 21
44 238 46
44 288 47
44 309 3
44 348 47
44 388 44
44 419 39
44 489 12
45 6 29
45 24 20
45 35 4
45 112 9
45 187 37
45 217 17
45 312 10
45 319 2
45 338 37
45 404 19
45 442 10
45 456 43
46 43 28
46 91 50
46 108 18
46 139 30
46 243 26
46 253 46
46 269 28
46 289 29
46 301 43
46 305 6
46 403 28
46 460 47
47 3 38
47 40 41
47 49 21
47 101 26
47 128 12
47 143 8
47 172 0
47 262 1
47 266 22
47 268 33
47 287 45
47 382 23
47 387 7
47 393 24
47 436 44
47 488 37
47 493 22
48 9 0
48 27 11
48 90 44
48 100 0
48 143 48
48 216 33
48 224 9
48 315 16
48 346 20
48 391 37
48 416 38
48 427 20
49 12 25
49 180 9
49 208 17
49 259 33
49 279 32
49 334 8
49 336 16
49 373 15
49 380 7
50 23 29
50 72 16
50 168 34
50 213 31
50 243 35
50 266 20
50 291 25
50 313 3
50 344 13
50 454 15
50 460 5
50 484 28
51 75 25
51 78 24
51 120 50
51 158 26
51 203 42
51 229 28
51 286 14
51 294 39
51 303 13
51 337 21
51 488 24
52 90 41
52 116 3
52 206 19
52 214 49
52 234 44
52 251 25
52 281 42
52 403 33
52 440 2
52 497 11
53 29 36
53 97 2
53 126 18
53 173 46
53 211 40
53 219 27
53 247 35
53 286 25
53 298 33
53 324 7
53 419 8
53 454 30
54 14 30
54 52 46
54 103 27
54 156 44
54 164 46
54 200 16
54 209 44
54 237 30
54 284 46
54 314 48
54 339 15
54 385 21
54 457 42
54 490 43
55 81 29
55 92 37
55 137 16
55 162 41
55 233 19
55 376 23
55 400 19
55 436 47
55 470 26
55 481 8
56 14 9
56 17 46
56 57 5
56 90 49
56 126 27
56 141 2
56 176 43
56 186 36
56 221 36
56 250 16
56 252 3
56 274 47
56 335 18
56 412 30
56 432 4
56 487 2
57 20 15
57 58 20
57 64 49
57 77 47
57 78 2
57 83 4
57 126 16
57 148 35
57 162 47
57 258 16
57 259 48
57 313 11
57 323 17
57 326 6
57 327 47
57 404 38
57 434 23
58 5 4
58 8 38
58 146 11
58 157 4
58 173 21
58 247 27
58 275 2
58 322 38
58 368 46
58 402 33
58 470 15
58 476 19
59 13 32
59 24 1
59 34 28
59 58 42
59 120 36
59 287 26
59 336 7
59 338 50
59 358 5
59 478 15
60 120 28
60 123 48
60 188 43
60 245 18
60 253 49
60 325 15
60 327 49
60 359 48
60 400 47
60 448 22
60 453 37
60 474 28
61 87 43
61 102 40
61 110 8
61 195 33
61 219 34
61 282 11
61 416 31
62 6 6
62 28 47
62 82 36
62 83 28
62 152 4
62 168 34
62 192 28
62 293 37
62 385 11
62 456 44
63 78 46
63 96 11
63 143 40
63 214 50
63 336 26
63 427 32
63 490 24
64 45 47
64 281 18
64 294 33
64 295 42
64 300 14
64 328 15
64 452 18
64 500 41
65 68 15
65 78 30
65 155 3
65 249 48
65 288 35
65 305 48
65 430 1
65 436 4
65 450 42
65 455 35
66 8 38
66 83 39
66 175 40
66 233 33
66 238 13
66 296 4
66 313 13
66 334 10
66 442 23
67 13 14
67 61 26
67 68 47
67 85 39
67 138 26
67 146 4
67 161 42
67 182 9
67 241 22
67 341 15
67 397 9
67 437 44
67 439 10
67 480 29
68 85 39
68 185 7
68 218 13
68 251 42
68 318 9
68 331 37
68 343 21
68 364 0
68 419 5
68 449 11
68 473 5
69 214 1
69 339 43
69 350 7
69 470 44
69 490 31
70 17 16
70 124 31
70 261 24
70 265 8
71 80 6
71 112 17
71 117 44
71 120 8
71 224 10
71 271 12
71 288 13
71 350 41
71 358 8
71 400 4
71 494 6
72 68 32
72 82 47
72 169 29
72 173 33
72 252 11
72 349 17
72 353 16
72 362 19
72 373 3
72 402 31
72 420 28
72 433 25
73 76 41
73 177 16
73 236 10
73 316 48
73 435 26
73 436 7
73 473 41
74 93 2
74 106 27
74 175 28
74 183 32
74 217 2
74 226 15
74 227 50
74 443 34
75 39 19
75 149 12
75 152 41
75 172 21
75 233 44
75 301 14
75 341 14
75 369 23
75 398 22
75 474 48
76 48 42
76 71 47
76 183 19
76 194 5
76 214 22
76 303 6
76 344 37
76 359 48
76 379 36
76 396 45
76 415 32
76 429 47
76 460 47
76 467 10
77 16 44
77 53 16
77 62 4
77 228 46
77 268 14
77 274 48
77 275 10
77 330 38
77 372 24
77 377 16
77 408 23
77 466 39
77 487 16
78 131 30
78 134 14
78 208 31
78 213 45
78 256 35
78 257 39
78 270 1
78 273 31
78 290 43
78 355 10
78 407 44
78 496 4
79 80 38
79 103 47
79 157 19
79 181 20
79 263 46
79 361 12
79 395 49
80 116 40
80 257 19
80 264 23
80 295 1
80 323 21
80 331 32
80 378 25
80 409 22
80 455 28
80 457 15
80 463 48
80 493 31
81 1 41
81 9 48
81 55 17
81 175 16
81 191 20
81 197 12
81 247 9
81 335 1
82 30 4
82 36 50
82 201 15
82 280 36
82 320 50
82 340 33
82 377 9
82 388 50
82 390 4
82 405 32
83 66 32
83 84 42
83 96 18
83 133 36
83 136 0
83 156 21
83 164 43
83 278 19
83 374 45
83 435 4
83 457 3
84 3 50
84 14 23
84 26 23
84 46 28
84 82 43
84 88 33
84 124 48
84 181 45
84 215 39
84 241 40
84 246 46
84 286 43
84 292 18
84 357 3
85 11 9
85 101 16
85 124 42
85 233 19
85 298 20
85 318 6
85 384 18
85 417 25
85 422 2
85 423 31
85 443 16
85 459 45
85 460 1
86 6 30
86 26 24
86 36 37
86 216 32
86 282 19
86 331 24
86 347 27
86 413 44
86 415 3
86 429 17
86 449 24
87 21 4
87 29 49
87 65 1
87 167 1
87 214 9
87 235 48
87 260 9
87 353 23
87 404 3
87 424 4
87 441 13
88 48 44
88 124 48
88 182 17
88 259 38
88 437 3
88 500 33
89 62 48
89 78 25
89 115 37
89 128 4
89 239 28
89 261 41
89 264 17
89 301 46
89 336 47
89 357 4
89 362 39
89 416 8
89 468 17
89 478 8
90 17 16
90 40 12
90 56 25
90 126 28
90 174 27
90 317 6
90 318 10
90 396 11
90 442 6
91 17 42
91 22 3
91 72 36
91 173 32
91 232 50
91 254 16
91 356 28
91 374 6
91 437 12
91 446 49
91 448 36
91 458 33
92 29 11
92 56 26
92 57 48
92 78 9
92 87 26
92 174 41
92 244 13
92 308 9
92 314 5
92 447 49
93 58 36
93 119 26
93 143 47
93 215 28
93 235 30
93 346 15
94 9 43
94 182 22
94 193 0
94 212 13
94 213 10
94 225 5
94 267 26
94 295 12
94 336 4
94 493 10
95 62 34
95 132 42
95 191 17
95 209 48
95 213 22
95 358 28
95 411 35
95 456 36
95 492 40
96 31 26
96 60 45
96 78 29
96 188 35
96 202 27
96 216 20
96 232 13
96 234 11
96 256 40
96 295 35
96 358 28
96 361 34
96 464 6
97 9 9
97 125 50
97 159 24
97 241 17
97 242 15
97 382 23
97 399 1
98 41 22
98 59 48
98 212 45
98 243 21
98 305 29
98 339 33
98 357 7
98 395 47
98 422 0
99 47 23
99 241 34
99 299 48
99 467 28
100 9 32
100 61 44
100 178 31
100 220 34
100 223 23
100 226 15
100 228 4
100 229 8
100 290 12
100 379 29
101 13 45
101 25 3
101 65 18
101 82 9
101 129 14
101 159 24
101 216 50
101 252 5
101 339 15
101 377 3
101 485 37
101 492 24
102 98 43
102 194 41
102 215 48
102 218 32
102 220 11
102 400 46
103 85 12
103 93 8
103 136 25
103 142 35
103 264 43
103 422 29
103 437 6
103 451 44
104 99 26
104 109 30
104 194 32
104 200 8
104 211 14
104 251 0
104 305 24
104 356 23
104 411 31
104 443 24
104 464 50
104 465 43
105 33 24
105 113 21
105 150 20
105 178 31
105 181 25
105 185 5
105 188 9
105 215 41
105 306 45
105 414 20
105 476 42
106 75 6
106 76 2
106 270 24
106 345 26
106 371 26
106 376 29
106 396 17
106 431 24
107 31 3
107 39 37
107 58 17
107 87 31
107 125 16
107 226 29
107 234 41
107 276 30
107 331 25
107 337 28
107 400 5
108 86 9
108 88 36
108 136 22
108 138 41
108 172 39
108 208 50
108 395 7
108 435 29
109 33 21
109 36 50
109 45 28
109 91 33
109 116 47
109 143 45
109 177 16
109 183 32
109 187 37
109 232 35
109 352 35
109 401 36
109 422 46
109 454 43
109 475 46
110 62 12
110 69 16
110 99 21
110 271 25
110 273 6
110 278 36
110 298 30
110 318 15
110 322 43
110 349 47
110 356 24
110 362 27
110 382 17
111 4 36
111 5 16
111 90 45
111 154 44
111 318 23
111 333 4
111 368 4
111 393 32
111 433 9
111 454 35
111 463 36
112 22 47
112 28 25
112 52 22
112 54 5
112 154 32
112 163 38
112 170 46
112 237 46
112 250 7
112 298 41
112 382 4
112 395 24
112 416 29
112 465 15
112 494 12
113 0 36
113 1 2
113 17 34
113 67 45
113 69 30
113 71 8
113 131 46
113 151 45
113 223 30
113 242 35
113 308 30
113 335 3
113 365 38
113 371 6
113 390 20
113 392 18
113 402 14
113 420 41
113 442 2
113 486 17
114 5 13
114 111 4
114 222 2
114 242 7
114 269 2
114 415 10
114 499 46
115 9 26
115 41 18
115 59 44
115 67 10
115 113 14
115 135 26
115 142 31
115 484 37
116 51 41
116 135 37
116 161 14
116 172 6
116 185 2
116 280 22
116 316 8
116 352 41
116 378 43
116 461 14
116 469 30
117 3 33
117 24 2
117 58 10
117 63 45
117 155 50
117 159 16
117 169 11
117 193 36
117 213 41
117 261 19
117 264 7
117 294 2
117 310 0
117 341 11
117 414 34
117 461 23
118 26 28
118 116 49
118 131 30
118 176 9
118 185 23
118 194 3
118 270 25
118 278 39
118 289 47
118 298 4
118 386 2
118 401 37
118 437 5
118 452 22
118 463 4
119 19 22
119 32 8
119 85 43
119 86 38
119 187 31
119 190 44
119 237 16
119 278 27
119 359 6
119 363 34
119 379 33
119 448 39
119 458 33
119 489 18
120 23 45
120 27 35
120 59 30
120 94 30
120 100 26
120 104 1
120 180 14
120 213 42
120 321 43
120 335 31
120 455 1
121 57 50
121 89 29
121 232 27
121 233 1
121 271 33
121 318 35
121 402 28
121 493 11
121 500 34
122 42 3
122 125 16
122 198 38
122 267 23
122 282 33
122 293 7
122 301 11
122 321 30
122 379 12
122 403 41
122 450 1
123 0 3
123 78 22
123 79 14
123 126 17
123 177 33
123 411 42
124 0 35
124 1 14
124 37 12
124 76 33
124 110 20
124 111 42
124 173 30
124 181 47
124 237 16
124 248 12
124 321 34
124 341 7
124 355 44
124 385 35
124 392 0
125 32 1
125 200 47
125 222 10
125 258 41
125 271 17
125 293 47
125 295 4
125 395 3
125 420 28
125 450 26
125 460 8
126 32 24
126 42 40
126 377 33
126 378 42
126 447 19
127 15 22
127 83 39
127 98 18
127 174 41
127 240 23
127 242 1
127 287 20
127 405 2
127 421 13
127 447 45
128 44 14
128 78 14
128 114 42
128 317 26
128 328 1
128 334 18
128 347 13
128 379 8
128 384 39
128 393 46
128 417 17
128 453 20
129 8 12
129 9 48
129 143 33
129 197 39
129 239 32
129 266 26
129 267 23
129 295 32
129 362 44
129 481 26
130 10 36
130 44 33
130 64 18
130 106 10
130 114 28
130 117 32
130 210 17
130 218 36
130 375 39
130 488 30
131 0 7
131 23 48
131 40 30
131 106 10
131 107 4
131 147 11
131 164 48
131 240 35
131 251 13
131 265 4
131 289 45
131 311 39
131 325 19
131 387 28
131 467 49
132 6 34
132 26 43
132 44 40
132 99 28
132 160 31
132 208 37
132 215 1
132 232 50
132 236 37
132 320 2
132 355 12
132 392 45
132 456 26
133 11 1
133 37 16
133 42 32
133 166 44
133 185 0
133 187 44
133 213 37
133 231 25
133 249 6
133 281 45
133 367 46
133 382 18
133 405 15
133 428 17
133 429 21
133 447 14
134 56 9
134 122 42
134 139 48
134 225 25
134 235 33
134 282 50
134 284 3
134 416 41
134 449 27
135 85 2
135 86 46
135 93 6
135 103 9
135 163 24
135 201 16
135 246 10
135 259 46
135 384 28
135 396 38
136 3 23
136 4 22
136 51 10
136 87 8
136 144 35
136 172 32
136 216 36
136 243 6
136 300 1
136 313 47
136 394 40
136 411 30
137 66 19
137 203 41
137 224 28
137 269 48
137 425 47
137 438 31
138 76 16
138 98 43
138 201 5
138 209 4
138 476 33
138 494 21
139 154 35
139 174 0
139 233 50
139 332 4
139 336 18
139 351 37
139 400 26
139 447 22
140 62 48
140 63 46
140 114 4
140 129 18
140 130 35
140 136 2
140 219 50
140 275 0
140 285 12
140 306 22
140 353 12
140 396 38
141 25 4
141 28 19
141 67 11
141 105 38
141 111 35
141 153 44
141 213 7
141 365 14
141 438 28
141 453 33
142 12 6
142 59 24
142 60 6
142 163 8
142 213 17
142 274 18
142 283 30
142 290 31
142 331 42
142 371 23
142 403 21
142 404 33
142 435 1
143 0 14
143 84 12
143 114 3
143 177 45
143 178 5
143 222 47
143 309 9
143 311 47
143 318 39
143 348 29
143 351 32
143 421 36
143 443 17
143 475 6
144 53 12
144 98 14
144 119 23
144 166 18
144 210 47
144 261 26
144 277 49
144 361 3
144 377 47
144 435 16
144 453 0
144 478 42
145 72 12
145 85 21
145 102 26
145 136 7
145 190 29
145 339 1
145 344 3
145 354 47
145 405 6
145 462 25
146 34 0
146 54 42
146 70 30
146 104 27
146 127 8
146 143 34
146 164 44
146 193 43
146 321 46
146 446 19
146 461 28
147 9 40
147 21 6
147 55 31
147 64 17
147 108 30
147 141 4
147 168 5
147 173 18
147 194 4
147 230 38
147 289 36
147 297 33
147 371 19
147 374 2
147 495 26
148 9 23
148 31 27
148 47 3
148 54 5
148 72 40
148 210 11
148 309 3
148 319 23
148 417 20
148 441 0
148 484 48
149 8 15
149 51 25
149 74 8
149 97 31
149 173 25
149 224 41
149 261 1
149 263 24
149 317 2
149 360 22
149 478 3
150 128 10
150 171 22
150 253 19
150 274 2
150 318 31
150 347 42
150 462 31
150 472 1
150 474 43
151 168 45
151 235 42
151 255 32
151 276 38
151 373 34
151 421 37
151 497 24
152 66 8
152 71 28
152 109 20
152 288 36
152 292 24
152 296 20
152 319 49
152 327 0
152 384 8
152 449 38
152 459 47
152 471 25
152 488 1
152 499 18
153 73 16
153 106 43
153 115 2
153 225 45
153 242 25
153 297 47
153 403 7
154 9 30
154 18 21
154 77 42
154 134 23
154 163 45
154 500 40
155 62 3
155 65 22
155 76 31
155 103 3
155 151 39
155 276 12
155 281 25
155 328 12
155 474 2
155 492 43
156 31 19
156 36 32
156 74 45
156 221 39
156 293 29
156 297 30
156 300 18
156 357 50
157 204 11
157 225 6
157 228 50
157 236 3
157 284 18
157 286 31
157 295 13
157 314 50
157 346 48
157 464 40
157 471 6
157 491 42
157 492 49
158 31 17
158 35 32
158 82 36
158 213 0
158 233 24
158 253 3
158 267 19
158 309 10
158 323 20
158 385 23
158 415 30
158 443 49
158 477 5
158 481 32
158 482 8
159 27 16
159 51 29
159 85 44
159 124 37
159 141 28
159 216 1
159 301 45
159 303 26
159 318 41
159 358 19
159 490 2
160 25 18
160 100 41
160 114 25
160 125 21
160 143 21
160 305 17
160 363 18
160 406 11
160 463 21
160 470 9
160 489 15
161 13 2
161 76 50
161 88 43
161 89 31
161 144 49
161 150 36
161 281 37
161 282 27
161 317 31
161 353 34
161 498 12
162 93 34
162 129 43
162 147 15
162 248 6
162 271 14
163 133 45
163 149 31
163 419 15
163 447 47
163 480 34
164 63 33
164 107 43
164 120 29
164 197 2
164 200 26
164 325 14
164 392 17
164 394 20
164 445 2
165 74 6
165 77 35
165 120 31
165 134 45
165 336 31
165 357 46
165 361 25
165 417 30
165 425 29
166 20 19
166 28 47
166 31 5
166 288 1
166 334 7
166 405 42
167 12 7
167 91 24
167 106 31
167 186 39
167 199 31
167 260 13
167 368 15
167 409 43
167 415 6
167 479 34
168 7 10
168 12 31
168 89 39
168 95 14
168 123 18
168 136 28
168 217 47
168 248 20
168 260 35
168 280 5
168 290 31
168 296 41
168 347 37
168 381 43
168 494 7
169 93 41
169 105 35
169 243 31
169 264 36
169 311 46
169 318 47
169 487 49
169 492 23
170 22 25
170 101 15
170 186 18
170 194 45
170 417 34
170 496 11
171 32 14
171 113 6
171 131 20
171 136 23
171 164 32
171 203 31
171 220 50
171 233 37
171 258 5
171 275 16
171 298 5
171 357 39
171 364 27
171 367 29
171 453 1
171 489 41
172 132 13
172 136 8
172 199 10
172 358 7
172 486 29
173 8 5
173 138 8
173 139 31
173 206 30
173 224 27
173 244 33
173 267 24
173 372 24
173 444 46
174 4 47
174 44 34
174 58 43
174 178 46
174 280 8
174 413 0
174 418 23
174 425 6
174 439 34
174 474 17
174 475 29
174 482 8
175 137 11
175 257 35
175 344 25
175 416 37
175 418 12
175 423 0
175 445 45
175 446 5
175 479 20
176 66 44
176 111 45
176 168 47
176 209 4
176 300 2
176 397 1
176 415 42
176 469 0
176 473 8
176 489 1
177 29 15
177 30 41
177 35 14
177 70 42
177 120 15
177 137 47
177 142 37
177 146 36
177 252 6
177 253 50
177 279 16
177 292 26
177 382 8
177 480 2
177 493 2
178 42 13
178 72 40
178 91 38
178 166 8
178 173 31
178 197 32
178 240 41
178 403 4
178 469 22
178 471 48
178 499 1
179 84 35
179 88 37
179 91 39
179 213 5
179 220 38
179 275 6
179 288 12
179 299 48
179 353 42
179 379 6
179 473 23
179 474 42
180 16 41
180 31 49
180 43 25
180 139 11
180 258 32
180 324 27
180 444 29
180 500 38
181 8 34
181 27 5
181 42 27
181 43 15
181 44 37
181 63 23
181 191 35
181 214 44
181 221 2
181 256 32
181 293 18
181 294 1
181 303 19
181 369 35
181 379 5
181 464 17
181 472 9
181 498 32
182 189 29
182 224 29
182 277 42
182 309 43
182 311 47
182 394 40
182 403 23
182 416 27
182 441 3
182 493 45
183 71 6
183 115 42
183 159 9
183 171 7
183 190 31
183 204 42
183 339 32
183 368 3
183 382 41
183 416 6
183 438 41
183 466 10
183 496 5
184 22 32
184 29 3
184 34 21
184 57 38
184 68 38
184 165 24
184 339 4
184 344 25
184 371 38
184 394 38
184 476 5
184 494 21
185 13 36
185 58 30
185 70 49
185 156 33
185 160 19
185 176 8
185 203 37
185 421 44
185 439 0
185 441 10
185 482 33
186 91 44
186 138 0
186 198 19
186 226 47
186 297 33
186 320 45
186 433 28
187 99 20
187 170 41
187 178 4
187 183 27
187 208 48
187 211 19
187 306 14
187 338 24
187 361 40
188 28 5
188 107 45
188 141 49
188 276 0
188 326 50
188 397 17
188 500 21
189 8 1
189 35 15
189 51 9
189 103 36
189 178 30
189 224 18
189 261 2
189 275 7
189 306 22
189 320 9
189 355 26
189 433 12
189 493 17
189 500 15
190 24 45
190 111 41
190 158 22
190 160 35
190 233 18
190 255 0
190 271 9
190 356 35
190 361 37
190 413 2
191 50 12
191 163 26
191 188 0
191 207 0
191 227 47
191 319 2
191 367 45
191 390 49
191 399 48
191 464 39
192 25 41
192 69 21
192 103 48
192 120 42
192 216 12
192 227 6
192 234 33
192 327 18
192 335 43
192 351 18
192 418 1
192 500 7
193 22 17
193 39 5
193 108 9
193 109 20
193 134 25
193 139 32
193 166 21
193 209 12
193 226 1
193 239 1
193 255 10
193 275 11
193 313 33
193 354 17
193 355 47
193 392 16
193 453 34
193 479 7
193 480 40
193 485 14
194 11 38
194 116 6
194 150 12
194 161 47
194 165 24
194 181 41
194 210 18
194 218 10
195 43 11
195 77 12
195 130 42
195 180 1
195 182 40
195 277 28
195 283 21
195 360 34
195 371 46
195 432 39
195 481 27
196 63 9
196 153 26
196 197 32
196 232 25
196 241 34
196 276 29
196 355 12
196 379 37
196 412 8
197 26 10
197 76 10
197 177 13
197 210 7
197 253 46
197 280 44
197 375 14
197 441 9
197 443 11
197 447 32
197 478 7
198 20 44
198 61 34
198 74 25
198 82 42
198 236 12
198 262 11
198 374 28
198 403 14
198 474 50
199 42 34
199 62 19
199 219 24
199 273 44
199 299 25
199 401 28
199 437 44
199 457 50
199 463 31
199 496 44
200 3 0
200 119 41
200 138 14
200 143 40
200 153 26
200 190 11
200 221 29
200 239 31
200 252 15
200 294 48
200 343 8
200 344 27
200 398 14
200 441 45
200 482 12
201 32 31
201 33 4
201 160 7
201 178 4
201 310 48
201 362 30
201 394 29
201 406 17
202 35 42
202 94 12
202 106 23
202 157 37
202 229 11
202 242 10
202 280 9
202 347 33
202 407 48
202 420 48
202 443 7
203 85 10
203 159 47
203 161 44
203 249 19
203 277 22
203 318 21
203 340 16
203 360 5
203 434 11
203 442 6
204 27 27
204 42 23
204 130 23
204 207 46
204 220 8
204 285 34
204 286 3
204 292 26
204 313 34
204 336 47
204 337 46
204 396 30
204 428 4
204 472 45
204 479 29
205 47 28
205 54 50
205 55 44
205 119 27
205 232 36
205 250 11
205 296 20
205 348 40
205 375 22
205 380 34
205 409 45
205 439 25
206 21 33
206 33 14
206 116 38
206 173 17
206 283 44
206 309 14
206 381 16
206 475 12
206 485 16
207 34 32
207 102 35
207 250 34
207 279 19
207 375 43
207 427 48
207 438 2
208 8 23
208 109 50
208 176 33
208 277 13
208 328 13
208 427 18
208 454 32
208 459 25
208 491 50
209 29 4
209 124 25
209 135 40
209 143 23
209 180 18
209 221 0
209 270 50
209 272 39
209 353 35
209 372 32
209 415 34
210 59 7
210 92 38
210 143 22
210 177 30
210 217 30
210 291 46
210 321 32
210 379 40
211 2 17
211 80 43
211 200 26
211 243 23
211 250 20
211 267 38
211 303 27
211 388 28
212 19 33
212 84 9
212 106 17
212 141 44
212 147 17
212 160 40
212 199 38
212 251 7
212 272 44
212 468 10
213 63 28
213 69 23
213 104 30
213 177 11
213 206 11
213 228 36
213 260 22
213 350 28
213 354 15
213 458 3
213 461 4
214 25 27
214 51 32
214 195 22
214 290 33
214 388 18
214 402 14
214 424 2
214 451 41
215 6 37
215 14 40
215 30 3
215 56 10
215 71 43
215 72 33
215 89 8
215 116 4
215 139 21
215 151 25
215 164 1
215 324 15
215 343 35
215 388 17
215 389 28
215 481 21
216 28 43
216 77 29
216 118 10
216 166 27
216 224 0
216 285 24
216 308 39
216 368 19
216 381 44
216 401 49
216 403 7
216 451 1
216 457 37
217 11 22
217 130 39
217 156 3
217 198 41
217 252 3
217 271 7
217 294 44
217 295 41
217 323 8
217 346 9
217 386 31
217 440 33
217 462 16
218 118 7
218 194 43
218 237 11
218 267 24
218 283 0
218 291 20
218 341 43
218 405 34
218 424 21
218 440 29
218 442 40
218 447 30
218 478 5
219 12 23
219 15 31
219 31 32
219 91 45
219 114 42
219 123 26
219 176 14
219 184 0
219 298 30
219 323 22
219 357 38
219 433 34
219 470 50
220 94 4
220 157 21
220 161 33
220 166 18
220 185 37
220 186 6
220 193 11
220 229 17
220 242 48
220 249 47
220 281 9
220 291 24
220 312 50
220 322 48
220 338 14
220 423 45
220 459 28
221 7 19
221 135 6
221 239 0
221 247 43
221 252 46
221 288 38
221 300 44
221 307 21
221 351 4
221 421 38
221 456 49
222 84 25
222 91 22
222 97 44
222 169 26
222 193 9
222 206 14
222 219 1
222 248 14
222 291 14
222 347 4
222 397 35
223 87 29
223 90 19
223 109 17
223 135 25
223 149 49
223 275 47
223 292 15
223 420 19
224 42 23
224 56 43
224 104 36
224 261 11
224 280 20
224 366 21
224 377 1
224 399 6
224 436 26
224 451 20
224 467 28
225 24 9
225 193 15
225 214 7
225 234 14
225 263 8
225 277 3
225 278 44
225 301 47
225 305 14
225 329 0
225 414 9
226 11 2
226 14 26
226 74 19
226 80 29
226 113 20
226 138 35
226 197 2
226 402 10
226 416 23
226 478 48
226 481 20
227 56 0
227 85 17
227 103 50
227 128 22
227 148 32
227 149 9
227 261 33
227 288 38
227 400 30
227 427 0
227 443 6
227 453 15
228 57 29
228 106 26
228 139 24
228 140 0
228 157 34
228 236 34
228 384 32
228 439 18
229 22 38
229 28 36
229 44 8
229 68 15
229 170 26
229 237 24
229 241 43
229 290 24
229 320 25
229 368 10
230 56 29
230 73 3
230 165 39
230 229 37
230 243 23
230 327 8
230 331 33
230 344 16
230 368 21
230 369 42
230 479 30
230 492 14
231 10 30
231 56 1
231 100 20
231 144 18
231 173 22
231 266 43
231 291 0
231 349 41
231 373 46
231 399 45
231 439 47
231 453 32
232 120 44
232 125 46
232 152 36
232 174 18
232 324 42
232 412 48
232 424 12
232 444 50
233 68 20
233 82 39
233 116 15
233 180 15
233 236 33
233 257 50
233 404 30
234 14 42
234 17 22
234 117 22
234 146 24
234 312 18
234 436 12
234 486 45
234 492 42
235 14 25
235 107 26
235 160 21
235 305 15
235 341 12
235 394 40
235 396 47
235 435 8
235 473 22
236 91 35
236 110 30
236 116 2
236 150 7
236 162 16
236 178 38
236 204 36
236 227 8
236 294 5
236 327 20
236 361 46
236 391 42
236 392 33
236 396 2
236 426 48
237 32 42
237 46 29
237 102 38
237 117 23
237 127 38
237 145 40
237 177 2
237 290 38
237 306 10
237 326 17
237 354 29
237 367 48
237 373 9
237 385 28
237 422 37
237 430 40
237 455 15
237 462 40
238 6 23
238 23 26
238 26 13
238 103 34
238 122 45
238 123 20
238 146 35
238 227 22
238 248 7
238 265 6
238 395 9
238 431 7
239 160 9
239 189 5
239 210 37
239 233 48
239 253 35
239 286 25
239 312 11
239 316 13
239 404 29
239 468 35
239 480 32
239 481 50
239 499 44
240 19 6
240 25 24
240 56 31
240 59 46
240 123 30
240 146 50
240 192 8
240 316 46
240 317 28
240 320 4
240 360 44
240 377 28
240 442 31
240 466 8
240 475 10
241 43 7
241 156 30
241 264 28
241 283 20
241 289 9
241 353 33
241 480 46
242 35 6
242 37 1
242 102 37
242 115 8
242 116 26
242 198 15
242 371 2
242 377 16
242 427 28
242 447 7
242 457 50
243 44 50
243 130 7
243 136 33
243 148 25
243 205 14
243 226 48
243 298 29
243 301 13
243 365 4
244 59 44
244 70 42
244 72 0
244 95 16
244 117 5
244 207 42
244 230 22
244 246 23
244 309 11
244 347 17
244 373 15
244 378 30
244 393 7
244 423 21
244 449 9
244 493 49
245 12 19
245 17 20
245 55 39
245 106 40
245 124 23
245 176 5
245 263 8
245 341 26
245 395 2
245 403 22
245 409 46
245 418 1
245 428 43
245 431 21
245 470 9
246 28 44
246 67 18
246 99 31
246 108 14
246 128 30
246 156 45
246 163 32
246 168 24
246 185 1
246 198 19
246 234 20
246 256 16
246 426 22
247 17 33
247 39 18
247 222 7
247 301 14
247 342 44
247 382 5
248 73 18
248 194 2
248 295 49
248 319 41
248 321 3
248 338 41
249 64 4
249 107 29
249 124 42
249 149 33
249 189 41
249 201 39
249 267 9
249 372 21
250 9 34
250 21 11
250 83 28
250 100 22
250 213 11
250 287 44
250 323 8
250 332 25
250 419 44
251 56 10
251 58 24
251 88 7
251 106 11
251 122 30
251 203 38
251 359 8
251 381 13
251 427 26
252 49 6
252 64 40
252 109 15
252 152 11
252 207 30
252 247 36
252 270 38
252 477 22
253 52 5
253 141 36
253 182 44
253 198 25
253 233 5
253 278 28
253 405 39
253 471 8
254 13 33
254 52 45
254 57 2
254 102 16
254 117 1
254 251 14
254 278 24
254 328 0
254 353 49
254 406 34
254 439 25
255 33 31
255 93 30
256 16 17
256 164 19
256 193 30
256 245 33
256 287 24
256 316 12
256 317 46
256 404 12
257 51 47
257 53 36
257 92 0
257 121 46
257 125 30
257 244 11
257 272 49
257 297 30
257 470 29
258 47 34
258 102 27
258 146 34
258 149 0
258 170 9
258 201 38
258 238 28
258 267 37
258 319 21
258 346 27
258 376 27
258 399 46
258 460 2
258 465 17
259 69 35
259 82 23
259 104 21
259 107 10
259 120 37
259 144 47
259 163 27
259 195 17
259 210 23
259 258 0
259 348 22
259 379 20
259 393 38
259 402 18
259 415 35
260 75 2
260 126 50
260 216 24
260 249 15
260 253 35
260 306 45
260 356 41
260 418 47
260 474 0
261 33 31
261 44 21
261 128 8
261 139 27
261 169 17
261 182 49
261 272 37
261 280 5
261 301 40
261 421 16
261 472 12
262 94 33
262 128 39
262 148 17
262 276 40
262 283 41
262 317 31
262 335 10
262 408 29
262 438 3
262 496 43
263 5 44
263 69 45
263 92 43
263 109 1
263 210 45
263 215 12
263 230 45
263 242 47
263 267 50
263 331 15
263 386 28
263 408 18
263 430 12
263 449 12
263 479 17
263 499 35
264 18 28
264 20 8
264 86 12
264 96 3
264 101 32
264 326 46
264 329 36
264 388 43
264 404 36
264 421 28
264 445 18
264 475 23
265 75 43
265 124 26
265 134 19
265 201 1
265 305 36
265 430 32
265 458 21
266 7 35
266 109 43
266 123 15
266 145 39
266 161 19
266 226 45
266 299 45
266 305 18
266 320 3
266 354 12
266 365 42
266 421 22
266 450 12
266 500 21
267 45 31
267 60 50
267 147 11
267 173 17
267 194 11
267 318 9
267 335 45
267 394 45
267 400 46
267 421 27
267 442 50
267 487 6
268 94 26
268 247 19
268 256 12
268 291 4
268 460 31
268 482 14
268 497 36
269 1 16
269 29 42
269 35 6
269 68 32
269 75 44
269 108 17
269 201 8
269 205 18
269 249 38
270 68 26
270 133 37
270 207 26
270 333 15
270 369 6
270 383 49
270 402 26
270 411 29
270 481 42
271 33 45
271 66 20
271 77 1
271 115 27
271 120 44
271 128 43
271 360 29
271 370 19
271 431 36
271 440 50
271 463 10
272 13 8
272 30 45
272 53 3
272 98 37
272 163 16
272 171 49
272 194 22
272 261 12
272 294 25
272 343 10
272 457 23
272 468 21
272 499 41
272 500 16
273 56 43
273 72 33
273 148 1
273 319 27
273 348 34
273 422 4
273 425 44
273 428 18
273 475 3
274 25 50
274 35 47
274 39 41
274 134 5
274 296 2
274 326 15
274 342 43
274 351 29
274 368 38
274 454 31
274 460 14
274 470 24
275 69 28
275 126 43
275 134 50
275 309 13
275 476 24
276 7 29
276 65 18
276 113 36
276 148 46
276 186 34
276 192 17
276 262 25
276 275 32
276 399 12
277 34 14
277 37 50
277 51 36
277 79 17
277 98 4
277 111 30
277 112 24
277 186 11
277 204 11
277 322 20
277 342 28
277 397 20
277 499 3
278 57 24
278 106 7
278 139 10
278 212 42
278 252 2
278 276 18
278 374 49
278 418 29
278 497 47
279 40 47
279 72 16
279 132 14
279 138 5
279 144 33
279 217 29
279 251 6
279 470 22
280 65 21
280 119 18
280 141 40
280 234 27
280 259 40
280 264 17
280 328 35
280 336 42
280 485 27
280 500 18
281 8 50
281 14 50
281 86 1
281 95 36
281 115 2
281 166 41
281 178 37
281 217 46
281 263 9
281 333 1
281 347 29
282 12 30
282 21 33
282 26 18
282 67 14
282 94 14
282 95 29
282 171 27
282 193 38
282 226 21
282 299 40
282 390 7
283 21 14
283 82 42
283 118 19
283 172 49
283 193 11
283 272 20
283 281 24
283 319 10
283 343 1
283 412 1
283 447 0
283 461 16
284 53 39
284 112 24
284 130 42
284 188 18
284 217 30
284 222 33
284 264 42
284 287 34
284 320 36
285 52 42
285 107 4
285 145 6
285 157 0
285 216 5
285 303 5
285 320 46
285 343 40
285 347 15
285 432 33
285 465 6
285 469 16
285 495 2
286 36 22
286 53 40
286 84 49
286 91 49
286 122 0
286 208 8
286 278 4
286 380 8
286 412 31
286 476 12
286 485 5
287 161 41
287 166 2
287 446 45
287 489 13
287 491 26
288 91 49
288 93 23
288 96 16
288 200 5
288 224 1
288 255 34
288 266 4
288 283 18
288 339 10
288 379 21
288 392 23
289 96 12
289 110 40
289 135 0
289 148 0
289 150 16
289 172 1
289 173 13
289 276 25
289 428 23
289 435 43
289 469 27
289 487 4
290 26 0
290 59 6
290 71 21
290 101 30
290 102 33
290 199 28
290 288 5
290 349 47
290 376 22
290 469 3
291 41 31
291 48 20
291 49 48
291 70 17
291 77 16
291 89 9
291 91 40
291 296 12
291 336 48
291 446 29
292 23 10
292 52 27
292 57 28
292 87 10
292 150 39
292 202 37
292 428 16
292 439 16
292 459 5
292 465 46
292 477 45
293 40 10
293 61 12
293 124 8
293 180 50
293 186 4
293 203 18
293 259 20
293 358 3
293 472 48
294 60 38
294 109 45
294 130 37
294 350 2
294 377 17
294 386 28
294 440 35
294 466 36
294 471 1
294 480 8
295 20 35
295 202 40
295 205 47
295 258 29
295 334 34
295 395 13
295 413 13
296 95 22
296 113 16
296 133 42
296 158 39
296 163 22
296 203 15
296 310 19
296 350 49
296 355 25
296 392 15
296 470 5
297 65 46
297 116 32
297 213 36
297 224 37
297 239 20
297 242 0
297 255 5
297 466 0
298 18 4
298 33 9
298 64 40
298 105 37
298 143 5
298 187 42
298 204 46
298 250 1
298 258 39
298 269 9
298 292 11
298 306 14
298 363 20
298 467 0
299 110 40
299 155 33
299 203 6
299 217 29
299 252 46
299 282 39
299 330 19
299 381 2
299 498 34
300 75 5
300 120 32
300 172 30
300 183 48
300 449 27
301 71 19
301 101 46
301 141 0
301 268 29
301 316 10
301 432 45
301 436 17
301 500 15
302 5 28
302 159 12
302 246 49
302 327 41
302 364 40
302 397 41
302 407 22
302 479 19
303 35 1
303 62 49
303 87 31
303 104 21
303 105 26
303 192 20
303 208 9
303 296 16
303 355 18
303 372 36
303 399 20
303 409 33
303 426 4
303 451 50
304 15 17
304 26 9
304 52 27
304 53 7
304 69 35
304 75 31
304 144 1
304 148 8
304 150 36
304 194 13
304 206 21
304 209 50
304 358 49
304 382 6
304 492 9
305 48 30
305 124 29
305 126 5
305 278 3
305 282 45
305 301 17
305 379 11
305 386 9
305 395 11
305 466 8
305 491 10
306 75 29
306 102 11
306 163 10
306 175 15
306 202 26
306 224 39
306 261 37
306 329 0
306 332 5
306 391 39
306 397 15
306 445 2
306 462 46
306 492 26
307 78 48
307 182 29
307 202 38
307 247 39
307 386 20
307 390 35
307 400 2
307 410 47
307 415 9
307 423 41
307 500 30
308 171 45
308 204 27
308 213 9
308 219 48
308 220 21
308 231 43
308 285 41
308 484 43
309 43 33
309 50 29
309 51 45
309 78 32
309 130 40
309 142 2
309 166 27
309 357 18
309 369 37
310 61 45
310 74 46
310 85 6
310 113 38
310 156 19
310 281 33
310 306 20
310 344 23
311 18 24
311 62 45
311 107 16
311 209 25
311 296 23
311 318 41
311 405 18
312 17 6
312 19 35
312 47 47
312 123 12
312 372 23
312 393 15
313 17 42
313 42 41
313 166 3
313 229 20
313 299 4
313 309 14
313 312 46
313 325 18
313 366 32
313 367 33
313 388 26
313 405 35
314 59 40
314 251 47
314 361 1
314 408 29
314 433 3
314 497 4
315 97 49
315 192 1
315 225 7
315 327 37
315 329 8
315 429 9
315 437 20
315 452 21
315 493 9
316 24 4
316 122 4
316 125 11
316 231 14
316 257 49
316 384 18
316 390 29
316 420 9
316 440 48
316 477 10
316 499 9
317 35 7
317 75 16
317 82 4
317 107 32
317 139 42
317 209 12
317 291 7
317 294 16
317 355 9
317 434 29
317 455 2
318 49 13
318 89 11
318 104 6
318 143 18
318 153 38
318 154 44
318 193 47
318 199 50
318 215 38
318 241 13
318 249 17
318 325 16
318 367 34
318 383 10
318 421 50
318 423 3
318 452 5
318 470 13
319 55 40
319 304 3
319 313 42
319 392 10
319 405 32
319 477 8
319 485 26
320 87 31
320 188 39
320 194 32
320 224 41
320 251 32
320 254 2
320 461 37
320 476 1
321 4 38
321 58 18
321 65 47
321 187 35
321 276 39
321 408 35
321 478 34
321 499 32
322 226 6
322 267 30
322 302 46
322 349 29
322 359 25
322 417 16
323 20 36
323 167 34
323 256 5
323 338 39
323 404 26
323 447 8
323 471 34
323 493 41
324 4 33
324 67 4
324 151 13
324 213 33
324 423 22
324 431 19
324 457 25
324 493 18
325 22 12
325 166 26
325 203 25
325 257 0
325 276 30
325 282 42
325 352 16
325 377 36
326 12 33
326 25 29
326 41 14
326 178 39
326 288 40
326 290 13
326 322 16
326 332 20
326 333 45
326 441 15
326 468 8
326 493 30
327 2 40
327 13 7
327 41 41
327 55 2
327 90 42
327 107 48
327 152 39
327 204 22
327 297 41
327 344 19
327 346 10
327 355 48
327 484 41
328 46 44
328 105 28
328 127 15
328 162 40
328 186 4
328 274 15
328 449 23
329 42 1
329 84 21
329 91 33
329 128 33
329 200 25
329 247 33
329 298 7
329 311 16
329 323 25
329 352 6
329 414 50
329 464 2
329 497 26
330 14 49
330 177 49
330 221 36
330 380 7
330 395 48
330 405 33
330 490 0
331 79 11
331 175 48
331 178 38
331 267 15
331 301 27
331 341 50
331 346 29
331 358 5
331 367 36
331 369 32
331 445 6
332 25 39
332 28 48
332 110 35
332 231 1
332 248 41
332 260 23
332 304 31
332 317 12
332 339 47
332 364 15
332 388 12
332 402 44
332 412 13
332 443 47
332 470 38
332 472 34
333 1 21
333 17 13
333 22 11
333 36 43
333 48 29
333 69 14
333 99 26
333 116 35
333 159 42
333 213 8
333 239 9
333 297 36
333 321 23
333 332 15
333 374 17
333 412 6
334 89 0
334 240 24
334 286 4
334 316 29
334 369 13
334 391 27
334 426 35
334 456 47
334 476 9
335 17 9
335 50 0
335 52 20
335 65 22
335 96 38
335 217 42
335 279 6
335 284 20
335 302 41
335 334 20
335 476 39
336 9 21
336 34 28
336 145 38
336 217 47
336 270 23
336 366 9
336 382 37
336 389 3
336 391 20
336 396 6
336 486 34
337 13 44
337 19 4
337 64 30
337 83 1
337 117 24
337 186 40
337 223 15
337 244 50
337 336 34
337 414 41
338 27 27
338 98 40
338 141 34
338 149 35
338 235 3
338 242 49
338 275 21
338 298 49
338 331 20
338 370 6
338 455 7
339 7 25
339 66 34
339 80 20
339 143 25
339 176 21
339 187 2
339 200 45
339 208 46
339 309 48
339 317 49
339 377 3
339 408 31
339 483 40
340 94 14
340 128 14
340 239 1
340 257 8
340 354 29
340 376 44
340 409 10
341 14 36
341 31 37
341 191 9
341 206 32
341 258 29
341 301 10
341 384 21
341 435 17
341 500 7
342 30 36
342 61 44
342 70 14
342 71 31
342 78 10
342 167 45
342 204 15
342 261 12
342 267 42
342 280 31
342 352 24
342 386 50
342 444 22
343 5 39
343 18 9
343 31 18
343 70 14
343 165 49
343 168 30
343 186 7
343 198 9
343 309 25
343 413 27
344 37 14
344 174 30
344 311 15
344 315 21
344 403 26
344 470 2
344 472 46
344 500 7
345 4 46
345 19 7
345 71 2
345 80 0
345 95 41
345 112 37
345 169 44
345 222 3
345 253 11
345 301 35
345 359 32
345 362 40
345 371 13
345 392 4
345 439 21
346 15 23
346 47 30
346 86 26
346 102 9
346 244 45
346 284 17
346 336 30
346 419 26
346 436 39
346 463 50
347 4 40
347 22 45
347 56 44
347 160 21
347 252 33
347 304 36
347 325 43
347 356 11
347 415 24
348 13 2
348 36 10
348 117 41
348 176 30
348 235 46
348 283 31
348 302 0
348 345 20
348 372 34
348 405 19
348 407 46
348 408 23
348 483 46
349 51 44
349 80 34
349 106 29
349 108 6
349 150 5
349 178 45
349 237 10
349 256 50
349 302 39
349 307 12
349 334 29
349 373 45
349 435 36
349 465 5
349 492 15
350 27 35
350 36 46
350 99 40
350 125 35
350 177 36
350 192 6
350 217 42
350 220 26
350 234 29
350 286 42
350 306 41
350 307 22
350 377 45
350 411 15
350 446 37
350 455 23
350 496 49
351 92 24
351 137 31
351 177 42
351 263 17
351 392 19
351 426 29
351 471 38
352 12 8
352 85 38
352 90 40
352 166 19
352 190 11
352 205 29
352 212 8
352 318 7
352 354 6
352 364 22
352 382 49
352 404 6
352 419 21
352 425 18
352 468 38
352 484 47
352 486 9
353 70 5
353 78 49
353 83 12
353 164 21
353 221 24
353 270 7
353 314 18
353 445 17
353 494 19
354 12 27
354 81 25
354 107 14
354 154 21
354 331 43
354 362 25
354 408 49
354 452 38
354 482 34
354 483 38
355 17 50
355 28 40
355 51 18
355 52 36
355 78 42
355 88 23
355 158 28
355 177 20
355 317 31
355 348 36
355 365 49
355 401 39
355 457 38
355 468 14
356 28 25
356 111 28
356 114 39
356 131 10
356 157 18
356 212 18
356 252 7
356 321 2
356 343 50
356 394 30
356 437 0
356 454 45
356 494 3
357 8 46
357 13 46
357 55 35
357 134 33
357 162 17
357 186 6
357 382 20
357 471 19
357 481 16
357 500 23
358 26 6
358 139 5
358 171 34
358 234 41
358 313 6
358 383 26
358 498 4
359 92 39
359 103 32
359 123 10
359 156 12
359 265 42
359 345 48
359 350 21
359 364 40
359 452 0
359 467 38
360 17 9
360 32 8
360 47 21
360 64 50
360 112 20
360 168 16
360 170 47
360 202 38
360 273 9
360 290 5
360 365 34
360 382 1
360 402 19
360 487 28
360 493 13
361 16 46
361 198 7
361 234 45
361 247 50
361 275 43
361 306 15
361 368 38
361 398 11
361 434 8
361 461 8
361 462 18
361 478 44
362 24 37
362 48 44
362 148 44
362 304 39
362 316 23
362 434 4
362 447 10
362 475 47
363 81 45
363 161 25
363 358 8
363 378 14
363 404 9
364 25 19
364 51 31
364 74 30
364 264 31
365 38 10
365 55 13
365 229 6
365 263 9
365 308 25
365 339 22
365 372 35
365 390 25
365 423 16
365 439 34
365 446 25
365 477 25
366 52 34
366 57 23
366 73 42
366 80 6
366 216 7
366 251 44
366 307 1
366 390 35
366 428 13
366 478 38
367 28 37
367 95 22
367 96 30
367 105 20
367 116 4
367 137 13
367 168 20
367 171 47
367 177 17
367 212 47
367 229 39
367 247 29
367 310 36
367 387 33
367 453 5
367 472 50
368 35 39
368 50 31
368 59 6
368 110 12
368 136 32
368 171 11
368 228 35
368 230 47
368 244 18
368 414 13
368 431 27
368 496 31
369 2 39
369 54 20
369 70 24
369 124 22
369 145 0
369 159 46
369 178 39
369 246 15
369 401 5
369 458 33
369 496 0
370 32 37
370 38 46
370 213 12
370 233 35
370 345 29
370 377 9
370 442 18
370 467 18
370 499 40
371 138 11
371 196 6
371 268 34
371 287 21
371 337 50
371 422 14
371 455 45
372 26 29
372 36 33
372 91 37
372 128 34
372 159 30
372 226 37
372 233 15
372 259 2
372 261 7
372 284 6
372 287 16
372 299 43
372 326 31
372 465 19
373 53 9
373 197 36
373 200 45
373 216 31
373 296 15
373 333 42
373 419 48
373 455 20
373 481 6
373 486 9
373 499 38
374 54 41
374 161 28
374 203 6
374 252 38
374 366 22
374 423 9
374 459 6
374 492 15
375 69 48
375 146 48
375 157 19
375 194 10
375 201 42
375 246 20
375 262 10
375 266 21
375 286 45
375 299 4
375 434 33
375 436 45
375 465 18
375 489 45
376 7 0
376 89 44
376 143 18
376 210 33
376 211 49
376 292 14
376 296 28
376 309 24
376 406 20
377 19 42
377 67 30
377 83 31
377 96 34
377 115 42
377 139 41
377 226 26
377 341 24
377 350 25
377 439 38
378 63 7
378 107 47
378 169 39
378 214 8
378 231 5
378 297 39
378 326 47
378 327 1
378 346 46
378 387 16
379 9 22
379 106 23
379 114 45
379 152 2
379 373 37
379 385 38
379 494 38
380 52 12
380 79 13
380 92 20
380 177 29
380 194 39
380 251 45
380 286 13
380 342 19
380 368 35
380 425 30
380 468 40
381 55 1
381 276 20
381 280 13
381 319 46
381 374 5
381 449 40
382 59 14
382 92 24
382 173 28
382 305 49
382 332 33
382 371 34
382 380 18
382 406 38
382 418 9
382 434 49
382 490 26
383 53 1
383 85 1
383 205 50
383 227 30
383 276 48
383 320 5
383 359 38
383 453 31
384 86 42
384 139 41
384 169 1
384 234 44
384 371 9
384 376 9
384 412 13
384 489 49
385 14 25
385 120 5
385 126 9
385 189 48
385 279 40
385 305 4
385 344 11
385 370 1
386 114 10
386 179 48
386 217 5
386 250 39
386 262 43
386 263 21
386 340 21
386 434 23
387 14 8
387 51 28
387 55 30
387 166 44
387 191 19
387 218 40
387 250 8
387 341 42
387 346 50
387 358 50
387 429 33
388 25 6
388 37 17
388 164 11
388 215 50
388 235 35
388 340 32
388 378 25
388 392 44
388 428 24
388 452 39
388 485 26
389 14 39
389 81 12
389 271 2
389 290 31
389 304 23
389 322 11
389 342 16
389 471 9
390 11 25
390 35 36
390 159 38
390 236 9
390 246 41
390 278 30
390 352 25
390 420 12
390 468 46
390 477 47
391 212 32
391 237 24
391 322 50
391 325 40
391 340 30
391 401 31
391 413 15
391 478 3
392 60 2
392 147 28
392 204 38
392 367 22
393 20 42
393 82 10
393 142 4
393 184 26
393 218 37
393 349 32
393 360 22
393 367 40
393 372 22
393 421 40
393 467 31
393 485 36
394 4 22
394 72 33
394 105 33
394 134 5
394 183 1
394 303 6
394 363 6
394 393 34
394 469 48
395 29 25
395 106 39
395 138 28
395 279 21
395 335 34
395 344 30
395 468 13
396 101 43
396 150 21
396 264 40
396 269 46
396 342 14
396 379 10
396 399 24
396 439 23
397 44 34
397 56 41
397 106 13
397 120 34
397 172 48
397 178 10
397 185 36
397 241 50
397 314 7
397 322 37
397 332 6
397 341 42
397 411 21
398 40 38
398 60 0
398 70 34
398 102 23
398 140 48
398 142 27
398 165 48
398 174 16
398 191 16
398 205 13
398 214 34
398 250 2
398 252 46
398 330 25
398 384 32
398 462 19
398 496 1
399 57 34
399 84 46
399 103 33
399 157 8
399 209 0
399 306 43
399 322 38
399 351 5
399 404 48
400 6 46
400 25 41
400 61 42
400 84 5
400 104 45
400 169 13
400 190 4
400 231 37
400 251 32
400 299 12
400 363 39
401 8 1
401 10 15
401 61 7
401 145 46
401 227 29
401 301 45
401 438 29
402 89 36
402 148 14
402 218 0
402 231 40
402 257 50
402 318 23
402 348 11
402 406 23
402 451 48
403 0 17
403 10 22
403 46 49
403 78 7
403 92 47
403 139 29
403 209 41
403 283 39
403 345 26
403 356 1
403 446 8
403 455 10
404 31 46
404 105 8
404 183 41
404 216 9
404 222 19
404 255 42
404 325 46
404 395 33
404 398 41
404 428 28
404 447 3
404 497 7
405 4 10
405 5 3
405 22 0
405 215 22
405 245 45
405 255 24
405 263 22
405 264 25
405 286 43
405 312 42
405 438 33
405 475 50
406 13 43
406 39 15
406 41 8
406 79 27
406 93 26
406 119 33
406 120 9
406 269 49
406 341 48
406 458 30
407 14 9
407 107 26
407 141 7
407 143 16
407 152 28
407 238 39
407 255 35
407 265 6
407 304 50
407 351 14
407 372 3
407 468 23
408 97 4
408 323 36
408 374 48
408 422 46
408 499 44
409 15 21
409 22 34
409 38 14
409 65 42
409 179 39
409 184 30
409 243 45
409 260 46
409 362 26
409 421 44
409 442 38
409 450 26
409 475 36
409 488 18
410 36 5
410 73 35
410 101 32
410 141 16
410 156 39
410 199 25
410 206 37
410 220 16
410 313 7
410 387 18
410 423 44
410 449 8
411 12 42
411 98 50
411 108 10
411 165 21
411 192 29
411 278 1
411 294 29
411 325 27
411 415 13
411 427 38
412 12 50
412 83 40
412 143 47
412 161 25
412 208 11
412 345 14
412 374 30
412 426 22
412 428 45
412 468 12
412 472 2
412 478 17
413 111 22
413 125 15
413 127 24
413 375 24
413 382 48
413 383 24
413 446 47
413 457 30
413 462 6
413 475 0
414 336 40
414 444 44
415 25 25
415 263 25
415 267 47
415 320 18
415 333 27
415 359 45
415 393 41
415 416 21
415 437 1
416 6 23
416 161 37
416 205 13
416 370 32
416 427 24
416 447 37
416 479 14
417 12 24
417 72 20
417 139 7
417 148 26
417 171 42
417 272 39
417 282 42
417 355 46
417 471 40
418 30 26
418 49 6
418 59 7
418 107 32
418 375 36
418 467 31
419 26 0
419 127 5
419 160 34
419 237 39
419 241 21
419 251 24
419 274 5
419 362 2
419 414 10
419 416 46
420 3 2
420 26 15
420 94 25
420 112 13
420 113 28
420 130 33
420 154 39
420 205 17
420 207 35
420 256 5
420 280 7
420 283 50
420 351 15
420 396 44
420 473 49
421 132 25
421 209 15
421 261 50
421 291 15
421 412 1
421 469 50
421 476 35
421 494 25
422 30 46
422 68 27
422 76 44
422 115 28
422 145 10
422 167 50
422 169 10
422 220 18
422 260 19
422 357 7
422 413 38
422 426 13
422 445 37
422 468 11
423 30 34
423 55 31
423 238 21
423 256 12
423 258 14
423 261 42
423 264 32
423 287 23
423 295 11
423 342 17
423 353 16
423 366 16
423 389 6
423 442 44
423 494 20
423 500 29
424 59 19
424 95 4
424 105 26
424 120 33
424 168 8
424 330 11
424 423 19
424 480 50
424 496 40
425 155 36
425 294 2
425 319 4
425 363 19
425 474 22
425 488 19
426 3 35
426 124 29
426 219 10
426 239 19
426 266 29
426 359 48
426 366 38
426 370 13
426 402 9
427 90 47
427 195 47
427 299 20
427 321 24
427 417 39
428 29 14
428 246 0
428 253 31
428 336 37
428 370 25
428 410 23
429 8 38
429 61 33
429 73 21
429 96 13
429 126 24
429 139 5
429 148 37
429 221 9
429 261 18
429 440 4
429 459 39
429 470 21
429 489 44
430 32 16
430 58 36
430 69 3
430 91 4
430 107 48
430 149 29
430 317 11
430 325 15
430 400 41
430 407 35
430 445 9
431 12 44
431 73 17
431 86 26
431 114 25
431 131 18
431 167 40
431 233 30
431 430 12
431 443 9
431 469 18
431 476 44
431 489 12
432 38 11
432 65 28
432 96 42
432 168 35
432 171 48
432 228 39
432 267 36
432 476 17
432 495 15
433 120 5
433 142 41
433 320 18
433 440 15
433 473 43
434 21 24
434 29 17
434 38 3
434 128 17
434 195 20
434 232 9
434 370 39
434 388 42
434 414 21
435 3 10
435 38 4
435 213 15
435 214 31
435 243 47
435 313 43
435 316 29
435 320 44
435 341 18
435 441 11
436 24 4
436 220 1
436 247 27
436 429 19
437 4 3
437 77 23
437 131 39
437 142 26
437 201 2
437 214 31
437 253 7
437 292 35
437 330 19
437 336 10
437 367 18
437 376 5
437 378 42
437 392 38
437 405 41
437 410 34
437 412 31
437 488 8
438 115 38
438 120 13
438 134 10
438 320 2
438 425 15
438 450 16
439 25 0
439 94 1
439 202 48
439 209 12
439 260 7
439 347 3
439 353 5
439 376 33
439 381 26
439 382 7
439 421 41
439 425 24
439 480 28
440 15 10
440 22 29
440 123 13
440 128 9
440 158 2
440 181 42
440 205 10
440 262 32
440 297 8
440 437 3
441 14 2
441 15 43
441 46 42
441 67 23
441 69 44
441 79 26
441 226 38
441 291 32
441 302 36
441 306 14
441 393 28
441 488 19
442 102 10
442 173 2
442 179 11
442 195 8
442 242 24
442 245 46
442 253 14
442 327 9
442 333 29
443 192 6
443 213 41
443 215 29
443 217 7
443 280 44
443 314 47
443 452 46
444 3 14
444 65 35
444 68 24
444 122 19
444 133 50
444 138 0
444 260 44
444 274 10
444 287 12
444 310 39
444 311 34
444 320 9
444 344 38
444 379 36
445 29 49
445 59 7
445 70 35
445 98 0
445 113 44
445 145 50
445 309 35
445 370 23
445 379 27
445 400 48
445 417 37
445 438 45
445 465 41
445 472 19
445 490 41
446 12 9
446 20 33
446 125 0
446 169 31
446 184 38
446 209 7
446 220 12
446 288 24
446 295 0
446 350 7
446 391 10
446 413 31
446 454 44
446 473 0
447 61 11
447 71 48
447 84 9
447 95 41
447 155 33
447 204 29
447 245 20
447 258 47
447 425 36
447 433 48
447 448 48
447 475 27
448 29 42
448 35 15
448 36 15
448 121 21
448 163 31
448 306 49
448 332 8
448 369 43
448 383 24
449 15 42
449 49 21
449 82 6
449 118 39
449 133 29
449 165 28
449 214 38
449 223 31
449 259 16
449 335 39
449 452 48
449 453 22
450 1 40
450 30 10
450 95 6
450 158 40
450 293 14
450 308 41
450 343 17
450 478 20
451 64 40
451 70 39
451 108 36
451 249 0
451 298 35
451 400 36
451 425 46
452 47 6
452 74 11
452 87 21
452 179 32
452 185 9
452 236 25
452 258 37
452 260 0
452 274 37
452 290 34
452 324 10
452 389 46
452 391 46
452 497 23
453 86 44
453 97 29
453 171 15
453 216 6
453 371 16
453 481 2
453 492 48
454 16 20
454 24 15
454 113 22
454 190 21
454 254 30
454 259 1
454 317 38
454 324 36
454 383 27
454 399 17
454 403 48
455 2 19
455 44 23
455 64 20
455 89 44
455 226 20
455 301 30
455 335 25
455 344 49
455 414 14
455 419 25
455 462 31
455 471 48
455 486 49
456 7 19
456 15 36
456 54 43
456 82 4
456 175 37
456 263 17
456 275 6
456 314 11
456 339 47
456 387 49
456 412 15
456 478 30
457 69 34
457 108 48
457 129 46
457 318 17
457 351 2
457 407 16
457 410 18
457 412 46
458 31 50
458 43 26
458 67 34
458 243 10
458 250 9
458 383 46
458 459 43
458 475 36
459 31 27
459 39 20
459 43 23
459 133 50
459 177 47
459 236 44
459 396 7
459 483 12
460 2 15
460 43 7
460 46 4
460 111 10
460 139 47
460 175 49
460 215 10
460 254 3
460 306 32
460 353 1
460 390 5
460 391 1
460 461 44
461 30 9
461 40 45
461 93 16
461 102 3
461 103 33
461 215 7
461 317 48
461 322 26
461 336 21
461 391 8
461 470 47
461 476 17
462 433 10
462 491 32
463 5 7
463 87 9
463 157 43
463 167 43
463 172 5
463 176 38
463 336 48
463 384 47
463 404 50
463 414 10
463 420 13
463 455 17
463 494 15
464 29 12
464 34 17
464 41 34
464 139 26
464 238 3
464 256 2
464 323 48
464 356 30
465 52 30
465 79 17
465 89 35
465 195 45
465 241 47
465 260 4
465 272 29
465 275 31
465 287 21
465 290 30
465 362 12
465 383 45
465 417 15
465 419 15
466 30 20
466 67 45
466 136 45
466 138 28
466 275 22
466 276 43
466 302 1
466 311 10
466 325 25
467 160 0
467 193 4
467 232 18
467 240 50
467 310 19
467 335 27
467 371 10
467 410 46
467 422 41
467 438 15
468 15 20
468 80 26
468 163 23
468 197 16
468 323 36
469 30 29
469 31 37
469 84 5
469 118 41
469 133 26
469 146 7
469 258 37
469 286 7
469 296 8
469 395 20
469 477 1
469 481 8
470 9 23
470 114 48
470 160 36
470 204 11
470 210 36
470 257 12
470 269 39
470 299 3
470 386 17
470 391 0
470 403 38
470 410 50
470 452 41
470 454 32
470 468 18
470 478 35
470 486 26
470 498 44
471 3 40
471 25 15
471 139 10
471 209 0
471 241 34
471 273 27
471 288 8
471 378 1
471 389 42
472 8 13
472 44 50
472 135 26
472 193 11
472 207 49
472 209 26
472 284 41
472 424 12
472 480 0
473 99 35
473 113 37
473 160 14
473 223 40
473 307 28
473 308 11
473 331 10
473 368 46
473 435 37
474 65 45
474 87 40
474 113 10
474 177 38
474 239 17
474 265 43
474 340 27
474 391 26
474 421 27
474 447 27
474 457 40
474 485 3
474 487 32
475 51 10
475 60 36
475 178 26
475 186 0
475 191 29
475 203 9
475 299 17
475 311 44
475 319 41
475 399 49
475 438 50
476 3 27
476 11 5
476 33 1
476 63 27
476 87 16
476 108 37
476 129 1
476 145 38
476 166 30
476 303 0
476 376 20
476 393 29
476 438 30
476 448 1
476 465 46
476 487 41
476 491 30
477 39 10
477 66 29
477 90 30
477 190 33
477 241 50
477 282 23
477 310 28
477 336 43
477 380 42
477 411 38
477 482 26
478 48 26
478 53 44
478 96 26
478 136 43
478 140 16
478 154 18
478 183 35
478 343 45
478 371 28
478 394 45
478 401 15
478 403 2
478 406 24
478 410 36
479 127 21
479 186 13
479 198 20
479 208 32
479 227 7
479 230 43
479 272 31
479 333 27
479 346 4
479 384 0
479 391 19
479 412 4
479 438 47
479 458 4
480 53 12
480 203 21
480 221 47
480 234 29
480 270 34
480 292 38
480 336 4
480 343 26
480 360 41
480 405 39
481 22 34
481 34 6
481 43 42
481 75 26
481 85 24
481 125 11
481 150 7
481 173 33
481 188 22
481 248 44
481 268 41
481 323 28
481 350 39
481 431 25
482 30 36
482 41 16
482 50 48
482 230 50
482 256 37
482 309 12
482 331 30
482 378 13
482 427 36
482 470 44
482 483 38
483 48 47
483 58 30
483 114 46
483 180 26
483 302 34
483 309 11
483 369 29
483 390 14
483 464 4
483 470 19
484 6 3
484 36 29
484 62 43
484 83 31
484 155 15
484 184 15
484 226 39
484 269 33
484 332 20
484 393 21
484 412 25
484 465 28
485 21 11
485 134 22
485 165 38
485 295 1
485 326 14
485 342 32
485 390 47
485 402 13
485 417 34
485 446 5
485 469 32
485 478 6
486 6 12
486 38 44
486 47 30
486 49 25
486 101 29
486 111 13
486 119 6
486 183 13
486 209 40
486 284 23
486 301 6
486 375 35
486 420 4
486 432 27
486 442 0
487 27 44
487 72 36
487 97 8
487 100 2
487 149 22
487 161 33
487 193 44
487 292 27
487 302 31
487 331 18
487 417 47
487 428 30
487 443 24
487 477 14
488 36 1
488 51 46
488 70 33
488 189 46
488 200 32
488 212 34
488 221 16
488 224 3
488 229 35
488 230 39
488 237 40
488 325 29
488 361 11
488 372 1
488 486 34
489 31 49
489 163 46
489 224 15
489 273 16
489 331 10
489 342 20
489 450 1
489 486 40
490 31 12
490 48 50
490 98 48
490 113 39
490 238 30
490 259 15
490 331 23
490 361 38
490 471 27
490 486 36
490 499 43
491 40 15
491 49 18
491 68 31
491 181 48
491 228 40
491 233 29
491 269 7
491 307 47
491 341 18
491 400 3
491 406 30
491 432 21
491 442 19
492 54 18
492 56 32
492 81 34
492 118 49
492 225 36
492 313 41
492 342 41
492 359 18
492 380 18
492 461 14
492 484 47
492 493 32
492 495 43
493 182 46
493 187 0
493 188 30
493 194 39
493 210 21
493 255 40
493 372 26
493 438 22
493 450 36
493 451 17
493 453 30
493 482 48
494 114 4
494 200 36
494 213 2
494 217 22
494 226 5
494 228 7
494 241 41
494 272 4
494 322 16
494 411 31
494 416 36
494 422 2
494 450 6
494 500 15
495 17 1
495 90 20
495 107 46
495 113 16
495 231 50
495 323 26
495 337 32
496 22 23
496 45 2
496 146 47
496 158 1
496 236 6
496 334 29
497 21 26
497 102 16
497 120 45
497 221 28
497 237 12
497 241 29
497 242 48
497 268 6
497 274 28
497 323 46
497 326 15
497 386 24
497 403 19
497 464 35
497 481 21
498 38 30
498 80 8
498 94 26
498 158 8
498 191 47
498 263 1
498 286 48
498 306 41
498 308 41
498 416 24
498 469 41
499 112 20
499 297 5
499 320 40
499 368 23
499 369 4
499 427 3
500 49 40
500 112 25
500 187 3
500 211 8
500 275 28
500 385 28
500 407 14
500 421 49
500 440 8
500 450 15
236 227 56 57 78 496
19
