500 1297
499 151
0 277 33
0 334 8
0 454 31
1 117 36
2 258 13
3 30 12
3 345 19
4 391 14
4 408 6
5 143 27
5 237 14
5 446 9
6 196 31
6 296 48
7 344 24
7 410 13
8 3 47
8 127 40
9 279 30
10 197 20
10 319 45
10 421 25
11 132 44
12 249 16
12 291 50
13 84 22
13 123 8
14 78 5
14 461 45
15 143 12
15 188 49
15 279 33
15 292 39
15 336 33
16 22 6
16 110 42
16 199 37
16 294 39
17 125 42
17 215 17
18 11 7
18 94 14
19 96 17
19 111 42
19 285 11
19 321 33
20 78 29
20 115 48
21 72 10
21 186 1
21 214 45
21 255 37
21 334 0
23 154 16
24 245 38
24 271 3
24 359 25
25 226 11
25 377 29
26 238 1
26 445 7
27 74 14
27 176 35
27 262 13
27 446 1
27 472 45
28 7 25
28 29 35
28 37 49
28 121 41
28 361 1
28 369 28
28 385 5
30 37 20
30 54 26
30 330 39
30 362 0
30 400 7
31 53 38
31 115 41
31 396 6
32 96 7
32 128 28
32 435 31
32 465 45
32 468 28
33 57 47
33 156 38
33 350 7
33 455 37
34 101 17
34 220 31
35 366 41
36 3 1
36 147 29
38 45 40
38 418 25
38 420 27
38 469 43
38 475 20
39 123 24
39 300 44
40 34 25
40 178 40
40 323 22
40 348 3
40 364 17
41 386 12
43 408 33
44 112 15
44 137 46
44 163 15
44 394 27
44 449 16
45 42 50
45 83 16
45 133 49
45 219 39
46 331 8
46 406 49
46 420 12
46 457 43
47 11 46
47 333 6
47 416 15
48 261 18
49 193 5
49 436 15
49 465 10
50 8 42
50 61 36
50 145 15
50 188 4
50 367 43
50 382 16
51 50 28
51 63 50
51 91 47
51 195 35
51 319 18
52 24 14
52 111 40
54 4 33
54 390 19
55 284 7
57 4 10
57 115 46
57 199 35
57 296 19
58 149 40
58 387 23
59 345 34
59 384 10
59 460 0
60 0 28
60 7 3
60 112 22
60 171 2
60 233 28
61 247 18
61 478 16
62 146 0
62 159 11
63 431 26
64 56 20
64 128 42
65 169 48
65 403 29
65 479 20
66 77 26
66 247 30
66 332 35
67 84 39
67 89 15
67 222 19
67 301 2
67 389 20
67 483 41
68 382 31
69 18 39
69 37 6
69 387 7
70 81 10
70 113 8
71 410 22
71 411 12
73 261 50
74 169 31
74 238 34
74 410 36
74 429 5
75 9 40
76 52 9
76 310 25
77 426 3
78 449 44
79 68 26
79 398 35
80 38 1
80 73 0
81 297 25
81 404 21
81 488 9
82 44 43
82 361 6
83 56 36
83 174 15
83 325 30
83 483 21
84 53 49
84 368 49
84 449 40
85 94 28
85 424 13
86 159 18
86 244 46
86 303 36
86 329 28
86 349 8
86 390 38
86 464 15
87 492 48
88 318 11
90 96 28
90 251 27
90 265 16
90 381 10
90 435 47
91 35 20
91 40 14
91 237 21
92 210 4
92 294 48
93 53 10
93 129 7
93 365 20
93 446 10
94 103 17
94 211 45
94 261 8
94 341 48
94 432 0
95 271 23
95 286 41
95 437 5
96 204 31
97 176 7
97 289 42
97 388 25
98 283 5
99 120 32
99 378 45
99 451 17
100 91 25
100 145 35
101 170 2
101 377 20
101 438 39
101 464 47
102 36 15
102 147 38
102 154 29
103 79 48
103 151 32
104 60 30
104 195 2
104 262 47
104 499 42
105 384 23
106 324 11
106 337 13
109 13 6
109 51 43
109 177 38
109 179 3
109 370 14
110 270 15
111 253 3
112 139 2
112 168 46
112 330 25
113 27 43
113 37 29
113 117 45
113 234 24
114 372 0
115 67 46
115 93 3
115 222 26
115 377 32
115 407 4
115 490 18
116 92 2
116 166 22
116 293 13
116 469 0
117 438 33
119 185 15
120 49 24
120 79 42
120 329 12
121 167 27
121 280 1
121 497 35
122 17 4
122 285 19
123 193 6
123 479 42
124 164 48
124 204 31
124 307 37
125 15 10
125 138 6
125 256 14
127 10 8
127 205 42
127 341 21
128 256 12
129 29 10
129 249 10
129 294 46
130 84 1
130 121 38
130 203 18
130 237 46
130 304 44
130 424 50
131 212 16
131 246 25
131 308 38
131 449 15
132 96 29
132 198 48
132 250 44
132 354 24
133 259 27
133 289 41
133 410 31
134 94 38
134 200 17
134 236 18
135 485 15
136 211 48
136 230 42
136 233 38
136 327 34
136 491 19
137 61 50
137 151 33
137 305 3
138 266 18
139 105 25
139 150 34
139 481 3
140 300 15
141 437 40
141 461 7
142 430 10
143 22 22
143 359 0
143 441 5
144 408 30
144 485 12
145 357 37
146 311 2
147 244 3
147 309 15
147 318 10
148 122 1
148 301 1
148 381 43
148 417 14
148 447 9
148 464 24
149 17 10
149 410 7
150 422 30
151 384 8
151 391 39
152 232 25
152 395 43
152 478 19
153 27 32
153 274 42
154 202 19
154 330 39
154 441 19
155 82 48
155 127 30
155 329 9
155 398 13
156 24 23
156 346 10
156 362 11
156 489 15
157 283 11
157 447 50
157 490 45
158 398 17
159 144 8
160 341 50
161 205 17
161 310 15
162 61 25
162 197 39
163 238 16
163 281 24
164 156 31
166 76 17
166 142 39
167 245 50
167 346 29
167 496 31
168 195 20
168 327 6
168 392 33
169 2 39
169 310 32
171 47 7
171 88 12
171 187 46
171 408 16
171 499 37
172 0 27
172 235 5
172 363 48
172 495 20
173 272 43
173 280 40
174 69 38
174 79 49
174 282 17
174 284 17
175 70 17
175 218 50
175 333 0
176 41 18
176 150 36
176 179 32
176 224 7
177 43 23
177 84 25
177 111 4
177 210 14
177 436 12
178 248 43
178 347 36
178 354 11
179 119 50
179 207 13
179 330 48
179 344 4
179 474 23
180 205 33
180 447 30
180 492 16
181 22 27
181 101 50
181 121 50
181 438 40
181 457 46
182 20 33
182 236 30
182 331 8
182 359 40
182 383 48
182 432 2
183 234 42
183 411 0
183 450 34
184 472 11
185 92 43
186 6 14
186 240 9
186 319 16
187 13 4
187 252 39
187 352 3
188 313 45
188 415 42
189 59 32
190 289 45
190 329 33
192 20 21
192 26 19
192 329 22
192 406 15
192 494 8
193 92 9
194 140 2
194 249 7
194 363 31
195 396 1
195 465 25
196 353 45
197 46 19
197 173 33
197 451 19
198 49 21
198 151 24
198 336 30
199 24 7
199 105 39
199 270 17
199 339 2
200 172 37
200 222 2
200 406 46
200 432 48
200 467 27
201 46 17
201 499 29
202 272 49
202 382 46
203 26 22
203 93 6
203 143 44
203 316 2
203 372 1
203 415 46
204 48 45
205 132 7
205 149 8
205 196 33
205 337 50
205 406 6
206 211 24
206 229 16
207 24 23
207 31 25
208 477 37
209 9 7
209 106 7
209 299 34
209 352 50
209 358 31
209 412 49
210 83 28
210 89 11
210 336 13
210 359 50
210 434 47
210 496 35
211 227 31
213 189 6
214 297 1
214 322 38
214 366 39
214 422 41
214 449 45
215 15 33
215 149 2
215 180 12
215 181 9
215 443 32
216 155 2
216 346 16
216 355 3
217 302 23
217 458 43
218 126 34
218 146 22
218 208 6
219 351 6
220 76 36
220 84 29
220 490 44
221 248 24
221 442 45
221 444 22
221 484 27
222 176 9
222 256 46
222 299 29
222 305 37
222 339 6
222 354 22
223 120 32
224 28 39
224 222 12
224 293 47
224 460 0
225 77 9
225 347 11
226 73 40
228 131 2
228 155 35
228 276 14
228 289 1
228 459 23
229 15 30
229 206 3
230 49 36
230 57 6
230 228 18
231 2 37
231 36 26
231 234 14
231 256 9
231 481 31
231 494 38
232 118 4
232 153 41
232 246 37
232 270 35
232 306 36
232 335 30
233 46 16
234 103 48
235 308 4
235 379 48
235 442 42
236 29 2
236 211 32
237 394 50
238 195 3
238 476 11
239 148 26
239 151 35
239 162 47
239 471 11
240 74 11
240 403 28
240 429 31
241 469 45
242 159 1
242 281 4
242 346 20
243 131 42
243 383 24
243 433 34
243 461 19
244 308 32
244 381 15
244 400 42
245 104 30
245 322 44
245 363 9
245 472 38
246 79 1
246 426 50
247 181 32
247 227 35
248 31 0
248 287 22
248 449 9
249 261 21
250 31 40
250 37 46
250 178 49
250 237 35
250 449 47
250 472 30
251 267 0
251 373 0
252 132 1
253 157 30
253 217 23
253 316 26
253 397 42
253 458 5
254 37 11
254 77 37
254 223 37
255 438 35
256 477 39
257 136 33
257 171 23
257 214 38
257 242 48
257 388 49
258 493 13
259 261 32
259 294 7
259 346 7
260 112 13
260 304 41
260 426 37
261 26 0
261 155 33
261 359 21
261 406 12
262 419 13
263 269 40
263 354 45
264 153 33
264 229 32
264 340 22
264 346 20
264 481 41
264 482 35
265 198 27
265 305 16
266 178 23
267 170 18
268 92 47
268 105 48
269 64 41
269 465 45
270 90 7
270 283 34
270 351 11
271 65 34
271 367 33
272 277 3
273 259 32
273 320 49
273 395 12
273 477 19
274 26 37
274 114 15
274 115 31
274 149 7
274 336 29
274 396 10
275 122 43
275 372 19
276 445 35
277 380 36
277 487 45
278 228 15
278 317 20
278 411 13
278 486 23
279 55 26
279 277 10
279 469 14
280 121 24
280 337 28
280 401 26
282 89 19
282 466 48
283 132 4
284 437 43
285 98 17
285 190 28
285 281 35
285 449 21
286 42 10
286 364 30
286 397 10
287 170 24
287 351 26
287 369 50
288 46 24
288 88 15
288 123 21
288 421 1
289 136 3
289 412 28
290 144 22
290 200 33
291 68 44
291 83 41
291 486 19
292 56 28
292 188 12
292 430 16
294 42 11
294 327 46
294 329 27
294 358 7
295 152 10
295 327 32
295 353 36
295 357 8
296 160 11
297 162 5
297 216 6
297 313 39
297 444 6
298 79 36
298 484 43
298 497 0
299 200 32
299 444 24
300 290 27
300 317 15
300 491 49
301 62 7
301 314 44
301 464 37
302 43 8
302 248 39
302 373 4
302 435 13
302 467 29
303 424 2
303 430 7
303 454 42
304 409 16
305 1 48
305 17 13
305 106 27
305 453 32
306 20 18
306 241 16
306 424 49
306 432 28
307 210 6
307 217 39
308 496 8
309 19 9
309 53 24
309 421 28
309 452 27
310 315 11
310 400 47
311 4 24
311 270 10
311 279 13
311 433 26
312 322 1
312 419 35
312 472 0
312 489 7
313 89 46
313 351 8
313 417 47
314 3 44
314 101 39
314 376 44
315 247 45
315 296 24
317 9 22
317 392 12
318 362 30
318 474 44
319 242 20
319 326 13
319 387 49
319 468 22
320 299 14
321 82 27
322 167 40
323 204 22
323 476 7
324 356 3
325 33 32
325 97 34
326 59 39
326 397 23
326 427 11
328 85 14
329 62 47
329 232 15
329 255 26
329 264 17
330 196 26
331 469 46
331 472 17
332 113 47
332 333 27
332 475 8
333 270 35
333 381 0
333 471 24
333 478 3
334 206 31
334 250 19
334 256 49
334 289 7
335 193 30
335 382 29
335 452 13
336 21 2
336 113 43
336 233 31
336 242 44
337 128 32
338 23 30
338 167 12
338 427 50
341 155 46
341 391 13
341 455 49
342 69 31
342 372 32
342 401 49
342 457 7
343 11 39
343 282 38
343 396 41
344 46 9
344 349 43
344 453 4
345 119 41
345 139 49
345 325 34
345 437 50
346 211 0
346 275 8
346 276 43
346 278 0
346 416 49
346 436 36
347 27 19
347 183 33
347 336 30
347 445 40
348 184 25
348 493 36
349 154 31
349 313 10
349 385 1
349 451 2
351 88 35
351 105 38
351 142 42
351 272 39
352 19 0
352 231 30
352 289 49
352 367 31
352 455 48
353 154 16
354 160 7
355 242 43
355 388 43
356 3 40
356 144 47
356 411 17
357 14 36
357 72 44
357 271 41
357 318 35
357 439 31
358 327 48
359 84 17
359 473 10
360 409 11
361 172 18
361 484 1
362 49 29
363 427 39
364 37 21
364 41 39
364 146 23
364 367 32
364 460 17
365 340 35
366 42 49
366 110 0
366 115 19
366 123 3
366 313 43
367 208 3
368 152 30
368 431 3
369 101 28
369 128 18
369 330 35
369 440 20
369 456 34
370 53 42
370 128 6
370 366 8
371 153 33
371 197 47
371 283 44
371 399 7
371 454 49
372 21 26
372 314 1
372 499 2
373 162 16
373 260 1
373 351 18
373 440 47
374 8 34
374 69 15
374 384 26
375 9 32
375 110 19
375 244 50
375 418 3
376 84 18
376 160 14
376 339 22
377 49 15
377 136 25
378 40 29
378 115 16
378 441 8
379 176 42
379 265 4
380 26 33
380 214 47
380 336 48
381 298 49
381 371 37
381 416 41
382 155 4
382 278 20
382 290 15
383 335 5
384 23 37
384 260 42
384 320 24
386 143 1
386 375 36
388 402 13
389 3 13
389 84 2
389 133 18
389 159 19
389 222 23
390 480 41
391 387 37
392 263 48
393 421 31
394 46 25
394 154 29
394 402 33
395 500 24
396 329 6
397 251 7
397 436 9
398 374 49
399 6 8
399 10 0
399 55 6
399 177 23
400 64 16
400 137 1
400 253 12
400 472 37
401 102 48
401 269 4
401 272 18
401 458 10
402 209 1
402 235 31
402 276 21
403 30 12
403 123 42
403 424 2
404 84 26
404 401 37
404 421 27
405 428 10
405 445 42
407 423 5
407 445 39
408 30 37
408 489 18
409 213 19
409 254 27
409 360 47
410 33 29
411 78 5
411 130 28
411 272 49
412 192 34
412 315 39
412 416 12
413 44 9
413 221 9
414 432 21
415 37 27
415 304 21
416 146 20
416 447 21
416 478 31
417 226 25
417 343 3
417 408 31
417 455 39
418 65 8
418 246 38
418 411 11
419 2 1
419 44 30
419 101 8
419 269 30
419 394 5
419 490 6
420 42 49
420 343 32
420 488 40
421 482 22
422 29 16
422 177 32
422 290 20
422 313 43
423 25 9
423 183 25
423 422 1
423 444 9
423 478 27
424 112 3
424 268 44
424 438 18
425 71 12
425 338 35
425 430 49
426 113 37
426 378 2
427 191 30
428 184 20
428 365 26
429 274 12
429 308 39
429 346 18
430 69 8
430 149 44
431 137 45
431 172 11
431 179 43
431 220 14
432 471 7
433 222 39
433 320 30
433 368 39
433 372 48
434 103 7
435 276 17
435 338 8
435 423 29
436 226 20
436 432 7
436 434 29
437 425 32
438 0 48
438 126 46
439 5 8
439 172 8
439 386 5
440 105 43
440 180 9
440 195 35
441 289 13
441 341 30
441 352 37
441 381 29
441 459 24
442 31 49
442 86 34
442 409 30
443 24 49
443 86 38
444 220 27
445 153 47
445 235 35
445 332 18
445 384 49
446 24 3
446 174 45
446 335 17
447 40 38
447 151 47
448 11 26
448 357 4
449 89 38
449 139 6
449 179 35
449 411 25
450 140 32
450 182 22
450 262 49
450 404 26
450 417 39
451 184 2
451 416 15
451 473 27
452 35 30
452 121 33
452 268 16
453 80 17
453 82 25
453 233 41
453 242 17
453 468 5
454 75 24
454 182 20
454 199 17
454 398 38
455 21 8
455 24 4
455 75 23
455 82 30
455 201 36
455 412 12
455 456 44
456 323 29
456 436 24
457 78 11
457 161 23
457 217 43
457 321 43
457 358 3
458 132 37
459 1 29
459 263 27
460 209 1
460 339 15
460 447 38
461 20 42
461 236 49
461 267 16
461 294 4
461 375 24
461 455 21
462 81 49
463 163 29
463 191 40
464 0 42
464 106 17
464 233 38
464 316 31
464 336 19
465 57 2
465 258 34
466 32 4
466 62 10
466 272 30
467 68 29
467 378 31
468 164 26
468 322 8
469 156 10
469 274 50
470 240 33
472 91 36
472 259 14
472 302 48
472 313 13
472 454 28
473 14 37
473 32 23
473 199 23
473 228 8
473 296 1
473 320 25
474 178 7
474 443 32
475 382 37
476 10 10
477 96 38
478 17 45
478 80 34
478 446 1
479 109 17
479 322 8
480 26 43
480 166 7
481 37 4
481 206 3
482 2 31
482 114 40
482 303 11
482 481 3
483 114 1
483 337 4
484 90 11
484 211 3
485 225 43
485 286 32
485 408 30
485 466 13
486 261 17
486 314 3
486 413 12
486 445 8
486 447 13
487 129 33
489 24 42
489 219 14
490 73 10
490 188 8
490 434 33
490 477 48
491 83 46
491 96 36
491 115 3
491 139 2
491 168 17
491 280 16
492 115 48
493 5 8
493 30 40
493 356 42
494 6 5
494 93 7
494 206 4
494 388 11
494 435 8
494 438 10
494 453 1
495 60 47
496 349 2
497 441 35
498 88 0
498 385 19
498 387 21
498 395 0
499 41 6
499 41 386 143 359 473 199 270 90 265 198 151
143
